0.655112028122
0.657546043396
0.660043001175
0.661945104599
0.663886070251
0.665771961212
0.66765499115
0.669492006302
0.671396970749
0.673233032227
0.67515206337
0.677028894424
0.679246902466
0.681297063828
0.683444976807
0.685766935349
0.687920093536
0.690047979355
0.692141056061
0.694513082504
0.696803092957
0.699198961258
0.701509952545
0.703862905502
0.706147909164
0.708340883255
0.710515975952
0.712647914886
0.714879989624
0.717057943344
0.719304084778
0.721561908722
0.723752975464
0.72581911087
0.727869033813
0.729923963547
0.732405900955
0.734591007233
0.736634016037
0.73869395256
0.740766048431
0.742841959
0.744817018509
0.746982097626
0.74901509285
0.751163959503
0.753253936768
0.755400896072
0.757579088211
0.759742021561
0.76199889183
0.764235973358
0.76654291153
0.768512010574
0.770529031754
0.772521972656
0.774537086487
0.77651309967
0.778584003448
0.780581951141
0.782644987106
0.784651041031
0.786722898483
0.788779020309
0.790949106216
0.79299902916
0.795166969299
0.797245979309
0.799483060837
0.801698923111
0.803908109665
0.806091070175
0.808317899704
0.810645103455
0.812988996506
0.815309047699
0.817625045776
0.819916963577
0.822176933289
0.8243060112
0.826570987701
0.828749895096
0.830984115601
0.834295034409
0.836467027664
0.838701963425
0.840929031372
0.843106985092
0.845300912857
0.847753047943
0.850161075592
0.852468013763
0.854877948761
0.857101917267
0.859503030777
0.861809968948
0.864100933075
0.866290092468
0.868486881256
0.870697975159
0.872885942459
0.875077962875
0.877317905426
0.879468917847
0.881597995758
0.883706092834
0.885840892792
0.887907981873
0.890434026718
0.89256310463
0.894464969635
0.89616894722
0.898005008698
0.900285959244
0.902343034744
0.904520988464
0.906725883484
0.90883398056
0.911034107208
0.913052082062
0.915247917175
0.91740489006
0.919580936432
0.92161488533
0.923918962479
0.926224946976
0.928587913513
0.930944919586
0.933104038239
0.935492992401
0.937555074692
0.939558029175
0.941580057144
0.943695068359
0.94588804245
0.948000907898
0.950237035751
0.952491044998
0.954967021942
0.957276105881
0.9597260952
0.962090969086
0.964548110962
0.96698307991
0.969398975372
0.971720933914
0.974149942398
0.976552009583
0.97896194458
0.981374025345
0.983854055405
0.986263990402
0.988775968552
0.991183996201
0.993824005127
0.996428966522
0.999032974243
1.00164699554
0.00420904159546
0.00682306289673
0.00930500030518
0.0117309093475
0.0142130851746
0.0166618824005
0.019159078598
0.0217049121857
0.0242071151733
0.0269219875336
0.0328850746155
0.0360069274902
0.0386300086975
0.0409009456635
0.0433099269867
0.0451231002808
0.0469560623169
0.0486719608307
0.0505249500275
0.0522611141205
0.0541989803314
0.0561289787292
0.0582110881805
0.060201883316
0.0621778964996
0.064150094986
0.0662341117859
0.0681970119476
0.0701639652252
0.0721459388733
0.074147939682
0.0761659145355
0.0786480903625
0.0810980796814
0.0836009979248
0.086061000824
0.088308095932
0.0905249118805
0.0926609039307
0.0945839881897
0.0964539051056
0.0989019870758
0.101181983948
0.103387117386
0.105557918549
0.107692956924
0.109838008881
0.111943006516
0.114104986191
0.11621594429
0.118297100067
0.120349884033
0.122448921204
0.124494075775
0.126554965973
0.128560066223
0.130621910095
0.132641077042
0.134922027588
0.136976003647
0.139027118683
0.141045093536
0.14307308197
0.145102977753
0.147495031357
0.149897098541
0.152139902115
0.154377937317
0.156775951385
0.159181118011
0.161843061447
0.164489984512
0.166922092438
0.169420957565
0.171700000763
0.174119949341
0.176424026489
0.178808927536
0.181272029877
0.183904886246
0.186443090439
0.188822984695
0.191268920898
0.193809986115
0.196474075317
0.199076890945
0.202075004578
0.205128908157
0.208129882812
0.210969924927
0.213387012482
0.215783119202
0.218152999878
0.220552921295
0.223062038422
0.225646018982
0.2281498909
0.230669975281
0.233392953873
0.235830068588
0.238756895065
0.240832090378
0.242852926254
0.244827032089
0.246807098389
0.248771905899
0.25079703331
0.252804040909
0.254832983017
0.25665307045
0.258450984955
0.260262012482
0.262047052383
0.263942956924
0.266426086426
0.268841028214
0.271363973618
0.273797035217
0.276007890701
0.278227090836
0.280621051788
0.283041954041
0.285667896271
0.288188934326
0.290713071823
0.293143033981
0.295525074005
0.297939062119
0.30050110817
0.302957057953
0.305461883545
0.3078520298
0.310231924057
0.312629938126
0.315006971359
0.317451953888
0.319838047028
0.32222700119
0.324645996094
0.32698392868
0.329404115677
0.331870079041
