53.5401721001
53.5734889507
53.606949091
53.640141964
53.6734819412
53.7068030834
53.7401208878
53.7734661102
53.8071670532
53.8405098915
53.8738749027
53.9071669579
53.9403181076
53.973927021
54.0071899891
54.0405371189
54.0737690926
54.107268095
54.1405279636
54.1739110947
54.2071940899
54.2405180931
54.2738940716
54.307199955
54.3405110836
54.3738970757
54.4072029591
54.4405100346
54.4737160206
54.507256031
54.5404860973
54.5738880634
54.6071910858
54.6404519081
54.6739349365
54.70718503
54.7404708862
54.7738969326
54.8071959019
54.8404729366
54.8737061024
54.9072470665
54.9403479099
54.9739699364
55.0071918964
55.0404660702
55.0738699436
55.1072759628
55.1405229568
55.173913002
55.2072160244
55.2405200005
55.2737169266
55.3072619438
55.3405189514
55.373552084
55.4068319798
55.4401080608
55.4734609127
55.5067949295
55.5400760174
55.5737919807
55.6071610451
55.6404769421
55.6738729477
55.7071859837
55.7405109406
55.7739009857
55.8071920872
55.8404788971
55.8738620281
55.9072499275
55.9404399395
55.9738030434
56.0072820187
56.0404279232
56.0738680363
56.1071119308
56.1403748989
56.1737949848
56.2070879936
56.2403790951
56.2738220692
56.3071060181
56.3404459953
56.3738090992
56.4071099758
56.4404780865
56.473831892
56.5070939064
56.5404539108
56.5738620758
56.6070959568
56.6403770447
56.6738049984
56.7071709633
56.7405340672
56.7740008831
56.8071639538
56.8404378891
56.8738050461
56.9070150852
56.9406039715
56.9737949371
57.0070919991
57.0403978825
57.0738561153
57.1070690155
57.1403610706
57.1737909317
57.2071099281
57.240377903
57.2737870216
57.3072841167
57.3404018879
57.3738150597
57.4070770741
57.4404280186
57.4739189148
57.5071909428
57.5405170918
57.5738799572
57.6071679592
57.6401269436
57.6738259792
57.7071859837
57.7401349545
57.7739109993
57.8071980476
57.8405408859
57.8739049435
57.9071969986
57.9401218891
57.9738280773
58.0071959496
58.0400149822
58.0739369392
58.1071970463
58.1401350498
58.1738209724
58.2068738937
58.2405040264
58.2738909721
58.3071839809
58.3401451111
58.3736510277
58.4072508812
58.4400401115
58.4737820625
58.5070929527
58.5403931141
58.5737929344
58.607088089
58.6404058933
58.6737940311
58.7070829868
58.7403869629
58.7737929821
58.8070800304
58.8404040337
58.873816967
58.907088995
58.9402170181
58.9733979702
59.006704092
59.0399980545
59.0733640194
59.106678009
59.1399829388
59.1733620167
59.2066709995
59.2400279045
59.2734479904
59.3067989349
59.3400518894
59.3734219074
59.4071149826
59.4405119419
59.4739038944
59.5071809292
59.5405449867
59.5739998817
59.607186079
59.6402978897
59.6737809181
59.7070939541
59.7403900623
59.7738540173
59.8070840836
59.8404738903
59.8738200665
59.9070711136
59.9404230118
59.9737660885
60.0070359707
60.0404140949
60.0738179684
60.1069281101
60.1403861046
60.1738209724
60.2070500851
60.2404110432
60.2739241123
60.3072009087
60.3404259682
60.3736510277
60.4067540169
60.4400629997
60.4733810425
60.5067028999
60.5403089523
60.5737888813
60.6071100235
60.64041996
60.6737990379
60.7071480751
60.7404329777
60.7737469673
60.8070139885
60.8405649662
60.8737530708
60.907104969
60.9404380322
60.9738750458
61.0071029663
61.0408871174
61.0737810135
61.1071178913
61.1404309273
61.1740410328
61.2073121071
61.2404799461
61.2738540173
61.3071050644
61.3406579494
61.373871088
61.4071199894
61.4404160976
61.4737958908
61.5073161125
61.5404760838
61.5738658905
61.6071090698
61.6404240131
61.6737990379
61.7070939541
61.7404389381
61.7737779617
61.8070650101
61.8404259682
61.8738129139
61.9070749283
61.940486908
61.9737589359
62.0070879459
62.0404229164
62.0738549232
62.1071350574
62.140417099
62.1738159657
62.2071180344
62.2404410839
62.2738249302
62.3071110249
62.3403389454
62.3740570545
62.4071109295
62.4404039383
62.4737989902
62.5070929527
62.5405769348
62.5737860203
62.6073410511
62.640417099
62.6738409996
62.707103014
62.7404460907
62.773804903
62.8071119785
62.8404369354
62.8737950325
62.9070680141
62.940639019
62.9737439156
63.0072650909
63.0404000282
63.0738470554
63.107115984
63.1402359009
63.1733961105
63.2066969872
63.2401719093
63.27343297
63.3067350388
63.3399629593
63.3735001087
63.4067370892
63.4403619766
63.47377491
63.507101059
